[/home/user/Documents/Papis-Imports/39c8461da2be4cbc14518baeda5d2775-monk-peter/finite-element-methods-for-maxwells-equations-peter-monk-university-of-delaware.pdf]
TOC=3;1.5306451612903227;0.052991397021632733;

[/home/user/Documents/Papis-Imports/677dcdea4cf8f4403542133cd2d9bde3-frederic-hecht/freefem-documentation.pdf]
toc=5;0.48697068403908794;0.0069686522887760921;
Dirichlet-tgv=213;0.51302931596091206;0.31696441137362474;
Lagrange=609;1.0293159609120521;0.90628319064649632;
Dirichlet-condition-penalization=213;0.5;0.31733000229268571;
Vectorial_Element_Dirichlet_Conditions=208;0.42745163205754627;0.3091952497901595;
PETSC=289;0.5;0.43022376220014291;
